UNITS MIL,1000;
EDIT proj;
ADD P2 :W0.000000  0.000,-36.557 0.001,-36.557 0.001,36.553 0.000,36.553 -37.492,34.916 -74.699,30.018 -111.338,21.895 -147.129,10.610 -181.801,-3.751 -215.089,-21.080 -246.739,-41.244 -276.512,-64.089 -304.181,-89.443 -329.535,-117.112 -352.380,-146.885 -372.544,-178.536 -389.873,-211.823 -404.234,-246.495 -415.519,-282.286 -423.642,-318.925 -428.540,-356.132 -430.177,-393.624 -430.177,-393.625 -357.067,-393.625 -357.067,-393.624 -355.708,-362.504 -351.642,-331.620 -344.900,-301.208 -335.533,-271.500 -323.613,-242.721 -309.229,-215.091 -292.492,-188.819 -273.529,-164.106 -252.484,-141.140 -229.518,-120.095 -204.805,-101.132 -178.534,-84.395 -150.903,-70.011 -122.124,-58.091 -92.416,-48.724 -62.004,-41.982 -31.120,-37.916;
ADD P2 :W0.000000  -372.205,-432.994 -415.039,-432.994 -415.039,-475.829 -372.205,-475.829;
ADD P2 :W0.000000  -744.252,-475.828 -415.039,-475.828 -415.039,-432.994 -744.252,-432.994;
ADD P2 :W0.000000  -372.205,-515.199 -372.205,-515.198 -415.039,-515.198 -415.039,-515.199 -413.460,-551.372 -408.734,-587.270 -400.897,-622.619 -390.009,-657.151 -376.153,-690.602 -359.434,-722.719 -339.980,-753.256 -317.938,-781.981 -293.477,-808.676 -266.782,-833.137 -238.057,-855.179 -207.520,-874.633 -175.403,-891.352 -141.952,-905.208 -107.420,-916.096 -72.071,-923.933 -36.173,-928.659 0.000,-930.238 0.001,-930.238 0.001,-887.404 0.000,-887.404 -32.440,-885.988 -64.633,-881.749 -96.334,-874.721 -127.302,-864.957 -157.301,-852.531 -186.102,-837.538 -213.488,-820.091 -239.249,-800.325 -263.189,-778.388 -285.126,-754.448 -304.892,-728.687 -322.339,-701.302 -337.332,-672.500 -349.758,-642.501 -359.522,-611.533 -366.550,-579.832 -370.789,-547.639;
ADD P2 :W0.000000  39.370,-887.404 39.370,-930.238 82.205,-930.238 82.205,-887.404;
ADD P2 :W0.000000  39.370,-930.238 39.370,-1259.451 82.204,-1259.451 82.204,-930.238;
ADD P2 :W0.000000  478.642,-515.199 478.642,-515.198 551.752,-515.198 551.752,-515.199 550.115,-552.691 545.217,-589.898 537.094,-626.537 525.809,-662.328 511.448,-697.000 494.119,-730.288 473.955,-761.938 451.110,-791.711 425.756,-819.380 398.087,-844.734 368.314,-867.579 336.663,-887.743 303.376,-905.072 268.704,-919.433 232.913,-930.718 196.274,-938.841 159.067,-943.739 121.575,-945.376 121.574,-945.376 121.574,-872.266 121.575,-872.266 152.695,-870.907 183.579,-866.841 213.991,-860.099 243.699,-850.732 272.478,-838.812 300.108,-824.428 326.380,-807.691 351.093,-788.728 374.059,-767.683 395.104,-744.717 414.067,-720.004 430.804,-693.733 445.188,-666.102 457.108,-637.323 466.475,-607.615 473.217,-577.203 477.283,-546.319;
ADD P2 :W0.000000  493.780,-432.994 536.614,-432.994 536.614,-475.829 493.780,-475.829;
ADD P2 :W0.000000  121.575,-21.419 121.574,-21.419 121.574,21.415 121.575,21.415 157.748,19.836 193.646,15.110 228.995,7.273 263.527,-3.615 296.978,-17.471 329.095,-34.190 359.632,-53.644 388.357,-75.686 415.052,-100.147 439.513,-126.842 461.555,-155.567 481.009,-186.104 497.728,-218.221 511.584,-251.672 522.472,-286.204 530.309,-321.553 535.035,-357.451 536.614,-393.624 536.614,-393.625 493.780,-393.625 493.780,-393.624 492.364,-361.184 488.125,-328.991 481.097,-297.290 471.333,-266.322 458.907,-236.323 443.914,-207.522 426.467,-180.136 406.701,-154.375 384.764,-130.435 360.824,-108.498 335.063,-88.732 307.678,-71.285 278.876,-56.292 248.877,-43.866 217.909,-34.102 186.208,-27.074 154.015,-22.835;
ADD P2 :W0.000000  82.205,-21.419 82.205,21.415 39.370,21.415 39.370,-21.419;
ADD P2 :W0.000000  39.371,350.628 39.371,21.415 82.205,21.415 82.205,350.628;
ADD P2 :W0.000000  865.827,-475.828 536.614,-475.828 536.614,-432.994 865.827,-432.994;
ADD P2 :W0.000000  -357.067,-393.624 -430.177,-393.624 -415.039,-432.994 -372.205,-432.994;
ADD P2 :W0.000000  121.575,-945.376 121.575,-872.266 82.205,-887.404 82.205,-930.238;
ADD P2 :W0.000000  478.642,-515.199 551.752,-515.199 536.614,-475.829 493.780,-475.829;
ADD P2 :W0.000000  0.000,36.553 0.000,-36.557 39.370,-21.419 39.370,21.415;
ADD P2 :W0.000000  -415.039,-475.829 -415.039,-515.199 -372.205,-515.199 -372.205,-475.829;
ADD P2 :W0.000000  39.370,-887.404 0.000,-887.404 0.000,-930.238 39.370,-930.238;
ADD P2 :W0.000000  493.780,-393.624 493.780,-432.994 536.614,-432.994 536.614,-393.624;
ADD P2 :W0.000000  82.205,-21.419 121.575,-21.419 121.575,21.415 82.205,21.415;
SAVE;
