UNITS MIL,1000;
EDIT proj;
ADD P2 :W0.000000  0.000,-36.547 0.001,-36.547 0.001,36.547 0.000,36.547 -37.492,34.910 -74.698,30.012 -111.336,21.889 -147.127,10.605 -181.798,-3.757 -215.086,-21.085 -246.736,-41.249 -276.509,-64.094 -304.177,-89.447 -329.530,-117.115 -352.375,-146.888 -372.539,-178.538 -389.867,-211.826 -404.229,-246.497 -415.513,-282.288 -423.636,-318.926 -428.534,-356.132 -430.171,-393.624 -430.172,-393.625 -357.077,-393.625 -357.077,-393.624 -355.718,-362.503 -351.652,-331.618 -344.910,-301.206 -335.543,-271.496 -323.622,-242.717 -309.238,-215.086 -292.500,-188.813 -273.537,-164.099 -252.492,-141.132 -229.525,-120.087 -204.811,-101.124 -178.539,-84.386 -150.907,-70.002 -122.128,-58.081 -92.418,-48.714 -62.006,-41.972 -31.121,-37.906;
ADD P2 :W0.000000  -372.211,-432.994 -415.037,-432.994 -415.037,-475.821 -372.211,-475.821;
ADD P2 :W0.000000  -744.244,-475.820 -415.037,-475.820 -415.037,-432.994 -744.244,-432.994;
ADD P2 :W0.000000  -372.211,-515.191 -372.211,-515.190 -415.037,-515.190 -415.037,-515.191 -413.458,-551.364 -408.732,-587.261 -400.895,-622.610 -390.007,-657.142 -376.151,-690.593 -359.433,-722.709 -339.978,-753.246 -317.937,-781.972 -293.475,-808.666 -266.781,-833.128 -238.055,-855.169 -207.519,-874.624 -175.402,-891.342 -141.951,-905.198 -107.419,-916.086 -72.070,-923.923 -36.173,-928.649 0.000,-930.228 0.001,-930.229 0.001,-887.402 0.000,-887.402 -32.440,-885.986 -64.634,-881.747 -96.335,-874.719 -127.304,-864.955 -157.303,-852.529 -186.105,-837.535 -213.491,-820.088 -239.253,-800.321 -263.193,-778.384 -285.130,-754.444 -304.897,-728.682 -322.344,-701.297 -337.338,-672.494 -349.764,-642.495 -359.528,-611.526 -366.556,-579.825 -370.795,-547.631;
ADD P2 :W0.000000  39.370,-887.402 39.370,-930.228 82.197,-930.228 82.197,-887.402;
ADD P2 :W0.000000  39.370,-930.228 39.370,-1259.435 82.196,-1259.435 82.196,-930.228;
ADD P2 :W0.000000  478.644,-515.191 478.644,-515.190 551.738,-515.190 551.738,-515.191 550.101,-552.683 545.203,-589.889 537.080,-626.527 525.796,-662.318 511.434,-696.989 494.106,-730.277 473.942,-761.927 451.097,-791.700 425.744,-819.368 398.076,-844.721 368.303,-867.566 336.653,-887.730 303.365,-905.058 268.694,-919.420 232.903,-930.704 196.265,-938.827 159.059,-943.725 121.567,-945.362 121.566,-945.363 121.566,-872.268 121.567,-872.268 152.688,-870.909 183.573,-866.843 213.985,-860.101 243.695,-850.734 272.474,-838.813 300.105,-824.429 326.378,-807.691 351.092,-788.728 374.059,-767.683 395.104,-744.716 414.067,-720.002 430.805,-693.730 445.189,-666.098 457.110,-637.319 466.477,-607.609 473.219,-577.197 477.285,-546.312;
ADD P2 :W0.000000  493.778,-432.994 536.604,-432.994 536.604,-475.821 493.778,-475.821;
ADD P2 :W0.000000  121.567,-21.413 121.566,-21.413 121.566,21.413 121.567,21.413 157.740,19.834 193.637,15.108 228.986,7.271 263.518,-3.617 296.969,-17.473 329.085,-34.191 359.622,-53.646 388.348,-75.687 415.042,-100.149 439.504,-126.843 461.545,-155.569 481.000,-186.105 497.718,-218.222 511.574,-251.673 522.462,-286.205 530.299,-321.554 535.025,-357.451 536.604,-393.624 536.605,-393.625 493.778,-393.625 493.778,-393.624 492.362,-361.184 488.123,-328.990 481.095,-297.289 471.331,-266.320 458.905,-236.321 443.911,-207.519 426.464,-180.133 406.697,-154.371 384.760,-130.431 360.820,-108.494 335.058,-88.727 307.673,-71.280 278.870,-56.286 248.871,-43.860 217.902,-34.096 186.201,-27.068 154.007,-22.829;
ADD P2 :W0.000000  82.197,-21.413 82.197,21.413 39.370,21.413 39.370,-21.413;
ADD P2 :W0.000000  39.371,350.620 39.371,21.413 82.197,21.413 82.197,350.620;
ADD P2 :W0.000000  865.811,-475.820 536.604,-475.820 536.604,-432.994 865.811,-432.994;
ADD P2 :W0.000000  -357.077,-393.624 -430.171,-393.624 -415.037,-432.994 -372.211,-432.994;
ADD P2 :W0.000000  121.567,-945.362 121.567,-872.268 82.197,-887.402 82.197,-930.228;
ADD P2 :W0.000000  478.644,-515.191 551.738,-515.191 536.604,-475.821 493.778,-475.821;
ADD P2 :W0.000000  0.000,36.547 0.000,-36.547 39.370,-21.413 39.370,21.413;
ADD P2 :W0.000000  -415.037,-475.821 -415.037,-515.191 -372.211,-515.191 -372.211,-475.821;
ADD P2 :W0.000000  39.370,-887.402 0.000,-887.402 0.000,-930.228 39.370,-930.228;
ADD P2 :W0.000000  493.778,-393.624 493.778,-432.994 536.604,-432.994 536.604,-393.624;
ADD P2 :W0.000000  82.197,-21.413 121.567,-21.413 121.567,21.413 82.197,21.413;
SAVE;
