UNITS MIL,1000;
EDIT proj;
ADD P2 :W0.000000  36.413,15.000 36.413,15.001 -6.413,15.001 -6.413,15.000 -4.834,-21.173 -0.108,-57.070 7.729,-92.419 18.617,-126.951 32.473,-160.402 49.191,-192.518 68.646,-223.055 90.687,-251.781 115.149,-278.475 141.843,-302.937 170.569,-324.978 201.105,-344.433 233.222,-361.151 266.673,-375.007 301.205,-385.895 336.554,-393.732 372.451,-398.458 408.624,-400.037 408.625,-400.038 408.625,-357.211 408.624,-357.211 376.184,-355.795 343.990,-351.556 312.289,-344.528 281.320,-334.764 251.321,-322.338 222.519,-307.344 195.133,-289.897 169.371,-270.130 145.431,-248.193 123.494,-224.253 103.727,-198.491 86.280,-171.106 71.286,-142.303 58.860,-112.304 49.096,-81.335 42.068,-49.634 37.829,-17.440;
ADD P2 :W0.000000  408.624,-357.077 408.624,-430.171 451.451,-430.171 451.451,-357.077;
ADD P2 :W0.000000  408.624,-430.171 408.624,-759.378 451.450,-759.378 451.450,-430.171;
ADD P2 :W0.000000  808.528,0.000 808.528,0.001 881.622,0.001 881.622,0.000 879.985,-37.492 875.087,-74.698 866.964,-111.336 855.680,-147.127 841.318,-181.798 823.990,-215.086 803.826,-246.736 780.981,-276.509 755.628,-304.177 727.960,-329.530 698.187,-352.375 666.537,-372.539 633.249,-389.867 598.578,-404.229 562.787,-415.513 526.149,-423.636 488.943,-428.534 451.451,-430.171 451.450,-430.172 451.450,-357.077 451.451,-357.077 482.572,-355.718 513.457,-351.652 543.869,-344.910 573.579,-335.543 602.358,-323.622 629.989,-309.238 656.262,-292.500 680.976,-273.537 703.943,-252.492 724.988,-229.525 743.951,-204.811 760.689,-178.539 775.073,-150.907 786.994,-122.128 796.361,-92.418 803.103,-62.006 807.169,-31.121;
ADD P2 :W0.000000  808.528,42.827 881.622,42.827 881.622,0.000 808.528,0.000;
ADD P2 :W0.000000  436.451,415.038 436.450,415.038 436.450,457.864 436.451,457.864 472.624,456.285 508.521,451.559 543.870,443.722 578.402,432.834 611.853,418.978 643.969,402.260 674.506,382.805 703.232,360.764 729.926,336.302 754.388,309.608 776.429,280.882 795.884,250.346 812.602,218.229 826.458,184.778 837.346,150.246 845.183,114.897 849.909,79.000 851.488,42.827 851.489,42.826 808.662,42.826 808.662,42.827 807.246,75.267 803.007,107.461 795.979,139.162 786.215,170.131 773.789,200.130 758.795,228.932 741.348,256.318 721.581,282.080 699.644,306.020 675.704,327.957 649.942,347.724 622.557,365.171 593.754,380.165 563.755,392.591 532.786,402.355 501.085,409.383 468.891,413.622;
ADD P2 :W0.000000  436.451,414.904 436.451,487.998 393.624,487.998 393.624,414.904;
ADD P2 :W0.000000  393.625,817.205 393.625,487.998 436.451,487.998 436.451,817.205;
ADD P2 :W0.000000  393.624,414.904 393.625,414.904 393.625,487.998 393.624,487.998 356.132,486.361 318.926,481.463 282.288,473.340 246.497,462.056 211.826,447.694 178.538,430.366 146.888,410.202 117.115,387.357 89.447,362.004 64.094,334.336 41.249,304.563 21.085,272.913 3.757,239.625 -10.605,204.954 -21.889,169.163 -30.012,132.525 -34.910,95.319 -36.547,57.827 -36.548,57.826 36.547,57.826 36.547,57.827 37.906,88.948 41.972,119.833 48.714,150.245 58.081,179.955 70.002,208.734 84.386,236.365 101.124,262.638 120.087,287.352 141.132,310.319 164.099,331.364 188.813,350.327 215.085,367.065 242.717,381.449 271.496,393.370 301.206,402.737 331.618,409.479 362.503,413.545;
ADD P2 :W0.000000  36.547,57.827 -36.547,57.827 -36.547,15.000 36.547,15.000;
ADD P2 :W0.000000  -365.754,15.001 -36.547,15.001 -36.547,57.827 -365.754,57.827;
ADD P2 :W0.000000  1210.829,0.001 881.622,0.001 881.622,42.827 1210.829,42.827;
SAVE;
