UNITS MIL,1000;
EDIT proj;
ADD P2 :W0.000000  -218.315,16.531 -218.315,16.532 -259.611,16.532 -259.611,16.531 -257.837,-24.108 -252.527,-64.437 -243.723,-104.151 -231.491,-142.945 -215.924,-180.527 -197.142,-216.608 -175.286,-250.915 -150.523,-283.187 -123.041,-313.177 -93.051,-340.659 -60.779,-365.422 -26.472,-387.278 9.609,-406.060 47.191,-421.627 85.985,-433.859 125.699,-442.663 166.028,-447.973 206.667,-449.747 206.668,-449.747 206.668,-408.451 206.667,-408.451 169.627,-406.834 132.870,-401.995 96.674,-393.970 61.315,-382.821 27.062,-368.633 -5.824,-351.514 -37.093,-331.594 -66.506,-309.024 -93.841,-283.977 -118.888,-256.642 -141.458,-227.229 -161.378,-195.960 -178.497,-163.074 -192.685,-128.821 -203.834,-93.462 -211.859,-57.266 -216.698,-20.509;
ADD P2 :W0.000000  206.668,-408.451 206.668,-480.629 247.963,-480.629 247.963,-408.451;
ADD P2 :W0.000000  206.668,-480.629 206.668,-555.432 247.964,-555.432 247.964,-480.629;
ADD P2 :W0.000000  657.505,1.090 657.505,1.091 729.683,1.091 729.683,1.090 727.850,-40.895 722.365,-82.560 713.269,-123.588 700.632,-163.668 684.550,-202.493 665.145,-239.770 642.565,-275.213 616.982,-308.553 588.591,-339.537 557.607,-367.928 524.267,-393.511 488.824,-416.091 451.547,-435.496 412.722,-451.578 372.642,-464.215 331.614,-473.311 289.949,-478.796 247.964,-480.629 247.963,-480.629 247.963,-408.451 247.964,-408.451 283.658,-406.893 319.080,-402.229 353.961,-394.496 388.035,-383.753 421.044,-370.080 452.734,-353.583 482.867,-334.386 511.212,-312.637 537.553,-288.499 561.691,-262.158 583.440,-233.813 602.637,-203.680 619.134,-171.990 632.807,-138.981 643.550,-104.907 651.283,-70.026 655.947,-34.604;
ADD P2 :W0.000000  657.505,42.386 729.683,42.386 729.683,1.091 657.505,1.091;
ADD P2 :W0.000000  232.523,467.369 232.522,467.369 232.522,508.665 232.523,508.665 273.162,506.891 313.491,501.581 353.205,492.777 391.999,480.545 429.581,464.978 465.662,446.196 499.969,424.340 532.241,399.577 562.231,372.095 589.713,342.105 614.476,309.833 636.332,275.526 655.114,239.445 670.681,201.863 682.913,163.069 691.717,123.355 697.027,83.026 698.801,42.387 698.801,42.386 657.505,42.386 657.505,42.387 655.888,79.427 651.049,116.184 643.024,152.380 631.875,187.739 617.687,221.992 600.568,254.878 580.648,286.147 558.078,315.560 533.031,342.895 505.696,367.942 476.283,390.512 445.014,410.432 412.128,427.551 377.875,441.739 342.516,452.888 306.320,460.913 269.563,465.752;
ADD P2 :W0.000000  232.522,467.369 232.522,539.547 191.227,539.547 191.227,467.369;
ADD P2 :W0.000000  191.226,614.350 191.226,539.547 232.522,539.547 232.522,614.350;
ADD P2 :W0.000000  191.226,467.369 191.227,467.369 191.227,539.547 191.226,539.547 149.241,537.714 107.576,532.229 66.548,523.133 26.468,510.496 -12.357,494.414 -49.634,475.009 -85.077,452.429 -118.417,426.846 -149.401,398.455 -177.792,367.471 -203.375,334.131 -225.955,298.688 -245.360,261.411 -261.442,222.586 -274.079,182.506 -283.175,141.478 -288.660,99.813 -290.493,57.828 -290.493,57.827 -218.315,57.827 -218.315,57.828 -216.757,93.522 -212.093,128.944 -204.360,163.825 -193.617,197.899 -179.944,230.908 -163.447,262.598 -144.250,292.731 -122.501,321.076 -98.363,347.417 -72.022,371.555 -43.677,393.304 -13.544,412.501 18.146,428.998 51.155,442.671 85.229,453.414 120.110,461.147 155.532,465.811;
ADD P2 :W0.000000  -218.315,57.827 -290.493,57.827 -290.493,16.532 -218.315,16.532;
ADD P2 :W0.000000  -365.296,16.531 -290.493,16.531 -290.493,57.827 -365.296,57.827;
ADD P2 :W0.000000  804.486,1.090 729.683,1.090 729.683,42.386 804.486,42.386;
SAVE;
